{
 "cells": [
  {
   "cell_type": "code",
   "execution_count": 1,
   "metadata": {},
   "outputs": [],
   "source": [
    "import pandas as pd\n",
    "\n",
    "import scipy as sc\n",
    "from scipy.io import loadmat\n",
    "\n",
    "import numpy as np\n",
    "\n",
    "from sklearn.metrics.pairwise import rbf_kernel\n",
    "from sklearn.metrics.pairwise import polynomial_kernel\n",
    "\n",
    "np.random.seed(123)"
   ]
  },
  {
   "cell_type": "markdown",
   "metadata": {},
   "source": [
    "# Read Data"
   ]
  },
  {
   "cell_type": "code",
   "execution_count": 5,
   "metadata": {},
   "outputs": [],
   "source": [
    "# splits\n",
    "# images\n",
    "# distances matrix\n",
    "DATA_DIR = \"../data\"\n",
    "\n",
    "# DATASET1: 17 Category Flowers\n",
    "# 'val1', 'val2', 'val3', 'trn1', 'trn2', 'trn3', 'tst3', 'tst2', 'tst1'\n",
    "'''splits = loadmat(\"%s/cat_flower/datasplits.mat\" %DATA_DIR)\n",
    "\n",
    "# 'D_siftbdy', 'D_siftint', 'D_hsv', 'D_hog',\n",
    "distances = loadmat(\"%s/cat_flower/distancematrices17itfeat08.mat\" %DATA_DIR)\n",
    "\n",
    "imlist = loadmat(\"%s/cat_flower/trimaps/imlist.mat\" %DATA_DIR)\n",
    "'''\n",
    "\n",
    "# DATASET2: 102 Category Flowers\n",
    "# 'val1', 'val2', 'val3', 'trn1', 'trn2', 'trn3', 'tst3', 'tst2', 'tst1'\n",
    "ds2_splits = loadmat(\"%s/102_cat_flower/setid.mat\" %DATA_DIR)\n",
    "\n",
    "# 'D_siftbdy', 'D_siftint', 'D_hsv', 'D_hog',\n",
    "ds2_distances = loadmat(\"%s/102_cat_flower/distancematrices102.mat\" %DATA_DIR)\n",
    "\n",
    "ds2_labels = loadmat(\"%s/102_cat_flower/imagelabels.mat\" %DATA_DIR)"
   ]
  },
  {
   "cell_type": "markdown",
   "metadata": {},
   "source": []
  },
  {
   "cell_type": "markdown",
   "metadata": {},
   "source": [
    "# Prepare"
   ]
  },
  {
   "cell_type": "code",
   "execution_count": 4,
   "metadata": {},
   "outputs": [],
   "source": [
    "'''KERNELS = {\n",
    "    'gaussian': get_gaussian_kernel,\n",
    "    'poly': get_ploynomial_kernel,\n",
    "    'dist': get_distances_to_kernel\n",
    "}'''\n",
    "\n",
    "def get_gaussian_kernel(X, Y=None, width=.2):\n",
    "    if Y is None:\n",
    "        Y = X\n",
    "        \n",
    "    return rbf_kernel(X, gamma=1.0/width)\n",
    "\n",
    "def get_ploynomial_kernel(X, Y=None, deg=2):\n",
    "    if Y is None:\n",
    "        Y = X\n",
    "        \n",
    "    return polynomial_kernel(X, Y, degree=deg)\n",
    "\n",
    "def get_distances_to_kernel(X):\n",
    "    return (-X/X.mean())\n",
    "\n",
    "def get_kernels(X, Y=None, poly=False, gauss=False, distk=False):\n",
    "    kernels = []\n",
    "    \n",
    "    if Y is None:\n",
    "        Y = X\n",
    "    \n",
    "    if poly:\n",
    "        degrees = [1,2,3]\n",
    "        \n",
    "        for deg in degrees:\n",
    "            kernels.append(get_ploynomial_kernel(X, Y, deg=deg))\n",
    "            \n",
    "            \n",
    "    if gauss:\n",
    "        widths = map(lambda x: 2**x, np.arange(-3,6))\n",
    "        \n",
    "        for w in widths:\n",
    "            kernels.append(get_gaussian_kernel(X, Y, width=w))\n",
    "            \n",
    "            \n",
    "    if distk:\n",
    "        kernels.append(get_distances_to_kernel(X))\n",
    "        \n",
    "    return arr(kernels)\n",
    "    \n",
    "    "
   ]
  },
  {
   "cell_type": "code",
   "execution_count": 5,
   "metadata": {},
   "outputs": [],
   "source": [
    "# Helper Functions\n",
    "log = np.log\n",
    "gamma = sc.special.gamma\n",
    "digamma = sc.special.digamma\n",
    "det = np.linalg.det\n",
    "diag = np.diag\n",
    "outer = np.outer\n",
    "tr = np.trace\n",
    "dot =  np.dot\n",
    "concat = np.concatenate\n",
    "normal = np.random.normal\n",
    "arr = np.array\n",
    "cstack = np.column_stack\n",
    "sqrt = np.sqrt\n",
    "inv = np.linalg.inv\n",
    "norm = sc.stats.norm\n",
    "append = np.append"
   ]
  },
  {
   "cell_type": "markdown",
   "metadata": {},
   "source": [
    "# Dummy"
   ]
  },
  {
   "cell_type": "code",
   "execution_count": 6,
   "metadata": {},
   "outputs": [
    {
     "name": "stdout",
     "output_type": "stream",
     "text": [
      "(200, 200)\n"
     ]
    }
   ],
   "source": [
    "#x1 = np.random.normal(0,1,100)\n",
    "x1 = np.random.multivariate_normal(mean=[0,0], cov=[[.1,0],[0,.1]], size=100)\n",
    "y1 = np.repeat(1,100)\n",
    "#x2 = np.random.normal(50,1,100)\n",
    "x2 = np.random.multivariate_normal(mean=[2,2], cov=[[.1,0],[0,.1]], size=100)\n",
    "y2 = np.repeat(-1,100)\n",
    "\n",
    "N = 200\n",
    "x = np.concatenate((x1,x2))\n",
    "y = np.concatenate((y1,y2))\n",
    "\n",
    "#K = arr([get_ploynomial_kernel(x.reshape((-1,1)), i+1) for i in range(3)])\n",
    "#K = arr([get_ploynomial_kernel(x, i+1) for i in range(3)])\n",
    "K = get_kernels(x, poly=True)\n",
    "print K[0].shape\n",
    "\n",
    "P = 3"
   ]
  },
  {
   "cell_type": "code",
   "execution_count": 8,
   "metadata": {},
   "outputs": [
    {
     "data": {
      "text/plain": [
       "(200, 2)"
      ]
     },
     "execution_count": 8,
     "metadata": {},
     "output_type": "execute_result"
    }
   ],
   "source": [
    "x.shape"
   ]
  },
  {
   "cell_type": "markdown",
   "metadata": {},
   "source": [
    "# BEMKL"
   ]
  },
  {
   "cell_type": "markdown",
   "metadata": {},
   "source": [
    "<font size=4> $\\lambda_i \\sim Gamma(\\alpha_\\lambda,\\beta_\\lambda)$ <br>\n",
    "    $E\\_a2_i = E(a_i^2) = Var(a_i) + \\mu_{a_i}^2$ <br>\n",
    "    $Corr\\_a = E(aa^T) = \\Sigma_a + \\mu_{a}\\mu_{a}^T$ <br>\n",
    "    $corr\\_g_i = E(g_ig_i^T) = \\Sigma_{g_i} + \\mu_{g_i}\\mu_{g_i}^T$ <br>\n",
    "    $corr_G$ <br>\n",
    "     <br>\n",
    "</font>"
   ]
  },
  {
   "cell_type": "markdown",
   "metadata": {},
   "source": [
    "### don't initialize to zero, use small non-zero values"
   ]
  },
  {
   "cell_type": "code",
   "execution_count": 29,
   "metadata": {},
   "outputs": [
    {
     "name": "stdout",
     "output_type": "stream",
     "text": [
      "COV_b_e [[1. 0. 0. 0.]\n",
      " [0. 1. 0. 0.]\n",
      " [0. 0. 1. 0.]\n",
      " [0. 0. 0. 1.]]\n",
      "cov_a [[1. 0. 0. 0. 0.]\n",
      " [0. 1. 0. 0. 0.]\n",
      " [0. 0. 1. 0. 0.]\n",
      " [0. 0. 0. 1. 0.]\n",
      " [0. 0. 0. 0. 1.]]\n",
      "mu_g [[1.70331012 1.59810533 3.2007021 ]\n",
      " [2.53409029 1.5299141  1.49097228]\n",
      " [2.14065624 1.78816556 1.26523396]] [[-1.24537941 -1.16842643 -1.24402694]\n",
      " [-2.39437511 -1.91268794 -2.27357024]\n",
      " [-2.37449688 -1.54706565 -1.00007553]]\n",
      "mu_f [0.3186439  0.48906919 0.57221384] [-0.658099   -0.5932479  -0.22953345]\n"
     ]
    }
   ],
   "source": [
    "np.random.seed(123)\n",
    "\n",
    "MAX_ITER = 500\n",
    "\n",
    "# Hyper Parameters (prior)\n",
    "sparse = False\n",
    "\n",
    "alpha_lambda, beta_lambda = 1.0,1.0\n",
    "alpha_gamma, beta_gamma = 1.0,1.0\n",
    "alpha_omega, beta_omega = 1.0,1.0\n",
    "\n",
    "if sparse:\n",
    "    alpha_omega, beta_omega = 10.0**-10, 10.0**10\n",
    "    \n",
    "v = 1\n",
    "\n",
    "'''rv_lambda = np.random.gamma(alpha_lambda, beta_lambda, N) \n",
    "rv_a = np.array([np.random.normal(0, 1.0/rv_lambda[i], 1) for i in range(N)])\n",
    "\n",
    "rv_gamma = np.random.gamma(alpha_gamma, beta_gamma, 1) \n",
    "rv_b = np.random.normal(0, 1.0/rv_gamma, 1)\n",
    "\n",
    "rv_omega = np.random.gamma(alpha_omega, beta_omega, P) \n",
    "rv_e = np.array([np.random.normal(0, 1.0/rv_omega[i], 1) for i in range(P)])'''\n",
    "\n",
    "# The conditionals parameters\n",
    "p_alpha_lambda = np.repeat(alpha_lambda, N)\n",
    "p_beta_lambda = np.repeat(beta_lambda, N)\n",
    "p_alpha_gamma = alpha_gamma\n",
    "p_beta_gamma = beta_gamma\n",
    "p_alpha_omega = np.repeat(alpha_omega, P)\n",
    "p_beta_omega = np.repeat(beta_omega, P)\n",
    "\n",
    "\n",
    "mu_b = 0\n",
    "#var_b = (alpha_gamma*beta_gamma)**-1\n",
    "var_b = 1\n",
    "#mu_e = np.repeat(0, P)\n",
    "#mu_e = np.random.normal(size=P)\n",
    "#mu_e = np.random.rand(P) + 1e-5\n",
    "mu_e = np.ones(P)\n",
    "mu_b_e = np.concatenate(([mu_b],mu_e))\n",
    "#cov_e = diag(np.repeat((alpha_omega*beta_omega)**-1, P))\n",
    "cov_e = np.eye(P)\n",
    "cov_b_e = np.zeros((P+1,P+1))\n",
    "cov_b_e[0,0] = var_b\n",
    "cov_b_e[1:,1:] = cov_e\n",
    "corr_e = cov_b_e[1:,1:] + outer(mu_b_e[1:], mu_b_e[1:])\n",
    "print 'COV_b_e', cov_b_e\n",
    "\n",
    "#mu_a = np.repeat(0, N)\n",
    "mu_a = np.random.normal(0,1, size=N)\n",
    "cov_a = diag(np.repeat((alpha_lambda*beta_lambda)**-1, N))\n",
    "corr_a = cov_a + outer(mu_a, mu_a)\n",
    "\n",
    "print 'cov_a',cov_a[:5,:5]\n",
    "\n",
    "\n",
    "#mu_g = arr([dot(mu_a.T,K[j,...]) for j in range(P)]).squeeze()\n",
    "#mu_g = np.random.normal(size=P*N).reshape((P,-1))\n",
    "mu_g = (np.abs(np.random.normal(0,1,size=(P,N))) + v) * y\n",
    "\n",
    "print 'mu_g', mu_g[:,:3], mu_g[:,-3:]\n",
    "\n",
    "'''cov_g = arr([(outer(G[:,i],G[:,i])- outer(mu_g[:,i], mu_g[:,i])) \n",
    "                  for i in range(N)])\n",
    "'''\n",
    "# inter-column covariance: NxPxP\n",
    "cov_g = np.zeros((N,P,P))\n",
    "cov_g[:,:,:] = np.eye(P) \n",
    "corr_g = cov_g + arr([outer(mu_g[:,i], mu_g[:,i]) for i in range(N)])\n",
    "\n",
    "# inter-row covariance: PxP\n",
    "#mu_f = dot(mu_b_e[1:], mu_g) + mu_b\n",
    "mu_f = (np.random.rand(N) + 1e-5) * y\n",
    "\n",
    "print 'mu_f',mu_f[:3], mu_f[-3:]\n",
    "#print 'cov_g',cov_g[:5,...]\n",
    "\n",
    "\n",
    "\n",
    "#omega = np.random.gamma(alpha_omega, 1.0/beta_omega, P)\n",
    "#e = concat([normal(0,omega[i],1) for i in range(P)])\n",
    "#print 'e', e.shape\n",
    "\n",
    "#mu_f = np.array([dot(e.T,G[:,i])+ rv_b for i in range(N)])\n",
    "#mu_f = dot(e.T,mu_g)+ mu_b \n",
    "\n",
    "\n",
    "E_a2 = np.diag(cov_a) + mu_a**2 \n",
    "E_b2 = alpha_gamma * beta_gamma + mu_b**2\n",
    "E_e2 = np.diag(cov_b_e[1:,1:]) + mu_b_e[1:]**2\n",
    "E_be = 0\n",
    "\n",
    "\n",
    "thresh = 1.0 * 10**-4\n",
    "ELBO_init = 0\n",
    "\n",
    "K2 = np.sum([dot(K[i,...], K[i,...].T) for i in range(P)], axis=0)"
   ]
  },
  {
   "cell_type": "markdown",
   "metadata": {},
   "source": [
    "### Forms:\n",
    "<font size=4> \n",
    "    $E(\\alpha^T A \\alpha) = tr(A\\Sigma_{\\alpha}) + \\mu_{\\alpha}^T A \\mu_{alpha}$ <br>\n",
    "    $Cov(g_i^m, g_i^n) = tr(A\\Sigma_{a}) + \\mu_{a}^T A \\mu_{a}$ <br>\n",
    "    where $A = K_{m,i}K_{n,i}^T$ <br>\n",
    "    <br>\n",
    "    $E(g^m, {g^n}^T) = tr(A\\Sigma_{a}) + \\mu_{a}^T A \\mu_{a}$ <br>\n",
    "    where $A = K_{m,i}K_{n,i}^T$\n",
    "    <br>\n",
    "</font>\n",
    "\n",
    "### Tricks:\n",
    "- for inverting the matrix add $\\epsilon I$ to the matrix"
   ]
  },
  {
   "cell_type": "code",
   "execution_count": 30,
   "metadata": {},
   "outputs": [
    {
     "name": "stdout",
     "output_type": "stream",
     "text": [
      "Updated a...\n",
      "mu_a [-0.03595476  0.14576684 -0.01581136  0.12276905 -0.01469097]\n",
      "cov_a [[ 1.32625647e+00 -1.13339319e-02  1.86818222e-03  1.66515909e-02\n",
      "   5.81100738e-04]\n",
      " [-1.13339319e-02  1.27990421e+00  1.10927143e-03 -3.48732054e-02\n",
      "  -1.31782037e-04]\n",
      " [ 1.86818222e-03  1.10927143e-03  1.01084230e+00 -3.17885640e-03\n",
      "  -1.62521373e-02]\n",
      " [ 1.66515909e-02 -3.48732054e-02 -3.17885640e-03  1.64608754e+00\n",
      "  -4.31580992e-03]\n",
      " [ 5.81100739e-04 -1.31782039e-04 -1.62521373e-02 -4.31580992e-03\n",
      "   1.09472684e+00]]\n",
      "Updated g...\n",
      "mu_g [[0.39022686 0.35376911 0.44656903]\n",
      " [0.32068976 0.58270156 0.34133815]\n",
      " [0.26835683 0.84002445 0.24858247]]\n",
      "[[-0.11187788 -0.13357234 -0.06500035]\n",
      " [-0.55259546 -0.60595037 -0.44521752]\n",
      " [-0.63998485 -0.49606102 -0.5658488 ]]\n",
      "cov_g [[[ 0.4 -0.1 -0.1]\n",
      "  [-0.1  0.4 -0.1]\n",
      "  [-0.1 -0.1  0.4]]]\n",
      "corr_G [[ 99.95095493   4.42644699   4.58604558]\n",
      " [  4.42644699 125.43955948  29.64806863]\n",
      " [  4.58604558  29.64806863 138.08620219]]\n",
      "Updated e:\n",
      "mu_b_e [-0.01945853  0.26123435  0.28810051  0.28303793]\n",
      "cov_b_e [[ 0.00517708 -0.00124609  0.00044354  0.00044322]\n",
      " [-0.00124609  0.01025509 -0.00039307 -0.00037438]\n",
      " [ 0.00044354 -0.00039307  0.00838942 -0.00173599]\n",
      " [ 0.00044322 -0.00037438 -0.00173599  0.00762834]]\n",
      "corr_e [[0.07849848 0.07486868 0.07356485]\n",
      " [0.07486868 0.09139132 0.07980738]\n",
      " [0.07356485 0.07980738 0.08773881]]\n",
      "E_be [-0.00632933 -0.00516247 -0.00506428]\n",
      "Updated f\n",
      "mu_f [1.57896927 1.63536763 1.58246701] [-1.61226196 -1.60734608 -1.59646015]\n",
      "var_f [0.23104713 0.26502316 0.23314234]\n",
      "E_f2 [2.72419107 2.93945046 2.73734417]\n",
      "lp_lam -159.72720364315546\n",
      "lp_a_lam -195.9884793155078\n",
      "lp_g -1134.9027153473944\n",
      "E_log_gamma 0.44195508208674095\n",
      "lp_gamma -1.0\n",
      "lp_b -0.9217163927865835\n",
      "lp_omega -2.25\n",
      "lp_e -2.8965786406910095\n",
      "lp_f\n",
      "-408.48694806195107\n",
      "lq_lam -138.508228637032\n",
      "lq_a -272.0642038966771\n",
      "lq_g -551.7898925674046\n",
      "lq_gamma -0.9555076672673021\n",
      "lq_omega -2.0034767844465637\n",
      "lq_be 4.120636657336609\n",
      "lq_f 66.2012122801207\n",
      "ITER 1: -1011.174181\n",
      "Updated a...\n",
      "mu_a [ 0.00248159  0.02925769 -0.00471298  0.01595249 -0.0053839 ]\n",
      "cov_a [[ 1.05848939e+00 -8.41267793e-03  1.26393628e-03  1.04219138e-02\n",
      "  -6.72806889e-05]\n",
      " [-8.41267793e-03  1.05645629e+00  5.46259716e-04 -2.46074700e-02\n",
      "  -7.20944256e-04]\n",
      " [ 1.26393628e-03  5.46259716e-04  9.84881753e-01 -2.95564737e-03\n",
      "  -1.83130449e-02]\n",
      " [ 1.04219138e-02 -2.46074700e-02 -2.95564737e-03  1.15015666e+00\n",
      "  -3.64788569e-03]\n",
      " [-6.72806894e-05 -7.20944256e-04 -1.83130449e-02 -3.64788569e-03\n",
      "   1.01359916e+00]]\n",
      "Updated g...\n",
      "mu_g [[0.64483666 0.73965483 0.63959351]\n",
      " [0.64485647 0.86459902 0.62474733]\n",
      " [0.62802996 0.96871578 0.58261816]]\n",
      "[[-0.41235834 -0.42846621 -0.42685007]\n",
      " [-0.78466099 -0.81713852 -0.77856169]\n",
      " [-0.85194025 -0.73613996 -0.87159176]]\n",
      "cov_g [[[ 0.9353861  -0.05986207 -0.05886901]\n",
      "  [-0.05986207  0.92503503 -0.06382127]\n",
      "  [-0.05886901 -0.06382127  0.92800228]]]\n",
      "corr_G [[252.85164228  72.09050338  73.41089764]\n",
      " [ 72.09050338 300.52028375 104.90557772]\n",
      " [ 73.41089764 104.90557772 306.786612  ]]\n",
      "Updated e:\n",
      "mu_b_e [0.00538984 0.40745333 0.52087212 0.51950903]\n",
      "cov_b_e [[ 0.00504983 -0.00056945  0.00022366  0.00024289]\n",
      " [-0.00056945  0.00444103 -0.00079956 -0.00080628]\n",
      " [ 0.00022366 -0.00079956  0.00390278 -0.00112977]\n",
      " [ 0.00024289 -0.00080628 -0.00112977  0.00382978]]\n",
      "corr_e [[0.17045924 0.21143152 0.2108694 ]\n",
      " [0.21143152 0.27521055 0.269468  ]\n",
      " [0.2108694  0.269468   0.27371941]]\n",
      "E_be [0.00162666 0.00303107 0.00304296]\n",
      "Updated f\n",
      "mu_f [1.77307505 1.90022151 1.76059663] [-1.80296605 -1.78967248 -1.8077249 ]\n",
      "var_f [0.34846056 0.42398902 0.3409328 ]\n",
      "E_f2 [3.4922557  4.03483079 3.44063331]\n",
      "lp_lam -184.38003450991414\n",
      "lp_a_lam -194.24741387581437\n",
      "lp_g -857.9273892006472\n",
      "E_log_gamma 0.039263982438827186\n",
      "lp_gamma -1.495844753318942\n",
      "lp_b -0.7213915946513668\n",
      "lp_omega -4.314762760867323\n",
      "lp_e -3.2193679773804234\n",
      "lp_f\n",
      "-660.666642951192\n",
      "lq_lam -173.43592722759988\n",
      "lq_a -255.75413247098558\n",
      "lq_g -828.0660503749075\n",
      "lq_gamma -1.358198766915216\n",
      "lq_omega -3.956802998490543\n",
      "lq_be 5.341792603354532\n",
      "lq_f -83.08212968030676\n",
      "ITER 2: -566.661399\n",
      "Updated a...\n",
      "mu_a [ 0.00433124  0.04736859 -0.00980817  0.02837277 -0.01052996]\n",
      "cov_a [[ 9.73807121e-01 -7.69076046e-03  9.78895505e-04  8.73742001e-03\n",
      "  -3.50912336e-04]\n",
      " [-7.69076046e-03  9.78264720e-01  3.21966592e-04 -2.14448985e-02\n",
      "  -9.19640424e-04]\n",
      " [ 9.78895505e-04  3.21966591e-04  9.74945465e-01 -2.83677408e-03\n",
      "  -1.91562971e-02]\n",
      " [ 8.73742001e-03 -2.14448985e-02 -2.83677408e-03  9.92629237e-01\n",
      "  -3.40680728e-03]\n",
      " [-3.50912336e-04 -9.19640424e-04 -1.91562971e-02 -3.40680728e-03\n",
      "   9.85985122e-01]]\n",
      "Updated g...\n",
      "mu_g [[0.82698525 0.91657693 0.8194918 ]\n",
      " [0.8444392  1.11419234 0.81144898]\n",
      " [0.81774428 1.2981839  0.74348805]]\n",
      "[[-0.47728246 -0.50195916 -0.50721686]\n",
      " [-1.02398752 -1.06611023 -1.02455562]\n",
      " [-1.10956751 -0.98712503 -1.13131804]]\n",
      "cov_g [[[ 0.89871104 -0.12306907 -0.12274876]\n",
      "  [-0.12306907  0.837735   -0.15685658]\n",
      "  [-0.12274876 -0.15685658  0.83860839]]]\n",
      "corr_G [[282.31237809 111.0012638  113.02262308]\n",
      " [111.0012638  363.93490044 169.16594454]\n",
      " [113.02262308 169.16594454 375.27297641]]\n",
      "Updated e:\n",
      "mu_b_e [0.01521576 0.43196669 0.57775028 0.571613  ]\n",
      "cov_b_e [[ 0.00512664 -0.00079318  0.00030725  0.00029337]\n",
      " [-0.00079318  0.00433799 -0.00092525 -0.0009162 ]\n",
      " [ 0.00030725 -0.00092525  0.00365823 -0.00135401]\n",
      " [ 0.00029337 -0.0009162  -0.00135401  0.00354965]]\n",
      "corr_e [[0.19093321 0.24864362 0.24600158]\n",
      " [0.24864362 0.33745361 0.32889556]\n",
      " [0.24600158 0.32889556 0.33029107]]\n",
      "E_be [0.00577952 0.00909816 0.0089909 ]\n",
      "Updated f\n",
      "mu_f [1.9293598  2.1658104  1.90134359] [-1.96964298 -1.95356826 -1.98164974]\n",
      "var_f [0.44089183 0.56995562 0.42464322]\n",
      "E_f2 [4.16332107 5.26069029 4.03975066]\n",
      "lp_lam -196.8783094167606\n",
      "lp_a_lam -193.53471051954693\n",
      "lp_g -831.3060913508834\n",
      "E_log_gamma 0.03902619722989379\n",
      "lp_gamma -1.4962004853683757\n",
      "lp_b -0.7214825310650077\n",
      "lp_omega -4.020179269090594\n",
      "lp_e -3.285272013350849\n",
      "lp_f\n",
      "-817.9957659044544\n",
      "lq_lam -187.72079956804154\n",
      "lq_a -248.9808427020066\n",
      "lq_g -796.7520254449723\n",
      "lq_gamma -1.3584365521241493\n",
      "lq_omega -3.7439314973101014\n",
      "lq_be 5.494670504261151\n",
      "lq_f -148.22871102795375\n",
      "ITER 3: -667.947935\n",
      "Updated a...\n",
      "mu_a [ 0.01054864  0.05730136 -0.01366815  0.03400958 -0.01478244]\n",
      "cov_a [[ 9.47162876e-01 -7.48676287e-03  8.67678583e-04  8.24006176e-03\n",
      "  -4.58224244e-04]\n",
      " [-7.48676287e-03  9.53727730e-01  2.25718606e-04 -2.04715321e-02\n",
      "  -1.00167075e-03]\n",
      " [ 8.67678584e-04  2.25718605e-04  9.71254437e-01 -2.81231937e-03\n",
      "  -1.94361359e-02]\n",
      " [ 8.24006176e-03 -2.04715321e-02 -2.81231937e-03  9.44262047e-01\n",
      "  -3.34635368e-03]\n",
      " [-4.58224244e-04 -1.00167075e-03 -1.94361359e-02 -3.34635368e-03\n",
      "   9.76640164e-01]]\n",
      "Updated g...\n",
      "mu_g [[0.95916058 1.07501337 0.94785604]\n",
      " [0.96270957 1.29735544 0.9165728 ]\n",
      " [0.9269372  1.53045663 0.82517104]]\n",
      "[[-0.47985028 -0.50713098 -0.51960257]\n",
      " [-1.19041839 -1.23656413 -1.20003539]\n",
      " [-1.29380648 -1.16850191 -1.31647479]]\n",
      "cov_g [[[ 0.89496854 -0.13381951 -0.1324154 ]\n",
      "  [-0.13381951  0.8160996  -0.17702271]\n",
      "  [-0.1324154  -0.17702271  0.8199682 ]]]\n",
      "corr_G [[309.8012286  147.6989868  149.79559107]\n",
      " [147.6989868  428.91507832 234.86353708]\n",
      " [149.79559107 234.86353708 443.44394065]]\n",
      "Updated e:\n",
      "mu_b_e [0.02521261 0.42780554 0.59359931 0.58044302]\n",
      "cov_b_e [[ 0.00526942 -0.00109677  0.00041352  0.00037202]\n",
      " [-0.00109677  0.0043041  -0.00099919 -0.00096804]\n",
      " [ 0.00041352 -0.00099919  0.00350322 -0.00149616]\n",
      " [ 0.00037202 -0.00096804 -0.00149616  0.00338034]]\n",
      "corr_e [[0.18732168 0.25294588 0.2473487 ]\n",
      " [0.25294588 0.35586336 0.34305442]\n",
      " [0.2473487  0.34305442 0.34029444]]\n",
      "E_be [0.00968933 0.01537972 0.01500651]\n",
      "Updated f\n",
      "mu_f [2.03133635 2.38104212 1.98696433] [-2.07870335 -2.06121096 -2.09769218]\n",
      "var_f [0.49846984 0.6720292  0.47373888]\n",
      "E_f2 [4.62479721 6.34139078 4.42176613]\n",
      "lp_lam -201.70745443074702\n",
      "lp_a_lam -193.28481202714465\n",
      "lp_g -820.0299771978274\n",
      "E_log_gamma 0.03916547130223289\n",
      "lp_gamma -1.4959921179441693\n",
      "lp_b -0.7219607138335078\n",
      "lp_omega -3.940120285261853\n",
      "lp_e -3.2916531297959426\n",
      "lp_f\n",
      "-951.3039025425068\n",
      "lq_lam -192.7267537222472\n",
      "lq_a -246.5878322523716\n",
      "lq_g -788.9224109679332\n",
      "lq_gamma -1.35829727805181\n",
      "lq_omega -3.6829769721661596\n",
      "lq_be 5.6093046520064735\n",
      "lq_f -176.91054715523018\n",
      "ITER 4: -771.196359\n",
      "Updated a...\n",
      "mu_a [ 0.01235593  0.0636833  -0.01460013  0.0378595  -0.01565383]\n",
      "cov_a [[ 9.38813882e-01 -7.42151238e-03  8.26836860e-04  8.08894887e-03\n",
      "  -4.97104355e-04]\n",
      " [-7.42151238e-03  9.46252487e-01  1.86147775e-04 -2.01718928e-02\n",
      "  -1.03551241e-03]\n",
      " [ 8.26836859e-04  1.86147775e-04  9.69928456e-01 -2.81089349e-03\n",
      "  -1.95223605e-02]\n",
      " [ 8.08894888e-03 -2.01718928e-02 -2.81089349e-03  9.29484997e-01\n",
      "  -3.33376205e-03]\n",
      " [-4.97104356e-04 -1.03551241e-03 -1.95223605e-02 -3.33376206e-03\n",
      "   9.73510747e-01]]\n",
      "Updated g...\n",
      "mu_g [[1.058679   1.20850618 1.04197938]\n",
      " [1.05141008 1.44638274 0.99479836]\n",
      " [1.00630592 1.70647098 0.88678991]]\n",
      "[[-0.46567592 -0.49308133 -0.51198629]\n",
      " [-1.32061978 -1.37048561 -1.33971519]\n",
      " [-1.43716569 -1.31232217 -1.46066516]]\n",
      "cov_g [[[ 0.898219   -0.13432719 -0.1313829 ]\n",
      "  [-0.13432719  0.80869648 -0.1821997 ]\n",
      "  [-0.1313829  -0.1821997   0.816986  ]]]\n",
      "corr_G [[333.10528345 178.99385534 180.61539027]\n",
      " [178.99385534 490.73753175 295.99343452]\n",
      " [180.61539027 295.99343452 505.52635818]]\n",
      "Updated e:\n",
      "mu_b_e [0.03631546 0.41370467 0.59620473 0.57727678]\n",
      "cov_b_e [[ 0.00544095 -0.00138104  0.00050745  0.00043824]\n",
      " [-0.00138104  0.00430033 -0.00103856 -0.00098752]\n",
      " [ 0.00050745 -0.00103856  0.00339029 -0.00158731]\n",
      " [ 0.00043824 -0.00098752 -0.00158731  0.00327164]]\n",
      "corr_e [[0.17545188 0.24561412 0.23783458]\n",
      " [0.24561412 0.35885037 0.34258783]\n",
      " [0.23783458 0.34258783 0.33652012]]\n",
      "E_be [0.01364284 0.0221589  0.02140231]\n",
      "Updated f\n",
      "mu_f [2.10225239 2.55078697 2.04508225] [-2.15244537 -2.13512766 -2.17756614]\n",
      "var_f [0.53685142 0.74092468 0.50602271]\n",
      "E_f2 [4.95631654 7.24743882 4.68838412]\n",
      "lp_lam -203.3453066139798\n",
      "lp_a_lam -193.20302132923354\n",
      "lp_g -816.2923370225491\n",
      "E_log_gamma 0.039438170093376475\n",
      "lp_gamma -1.4955842183214403\n",
      "lp_b -0.7227349709123185\n",
      "lp_omega -3.9268488642807897\n",
      "lp_e -3.2810107528412242\n",
      "lp_f\n",
      "-1049.9089922442593\n",
      "lq_lam -194.36460737761314\n",
      "lq_a -245.8010988519372\n",
      "lq_g -787.5914682946562\n",
      "lq_gamma -1.3580245792606667\n",
      "lq_omega -3.6724980309036184\n",
      "lq_be 5.6950760263914315\n",
      "lq_f -192.5091076356435\n",
      "ITER 5: -852.574107\n",
      "Updated a...\n",
      "mu_a [ 0.01276592  0.06809799 -0.01437679  0.04091294 -0.01524781]\n",
      "cov_a [[ 9.36204588e-01 -7.39983418e-03  8.12236296e-04  8.04269471e-03\n",
      "  -5.10895776e-04]\n",
      " [-7.39983418e-03  9.44129585e-01  1.70390733e-04 -2.00807078e-02\n",
      "  -1.04928059e-03]\n",
      " [ 8.12236294e-04  1.70390733e-04  9.69457061e-01 -2.81319422e-03\n",
      "  -1.95480369e-02]\n",
      " [ 8.04269471e-03 -2.00807078e-02 -2.81319422e-03  9.25029524e-01\n",
      "  -3.33240489e-03]\n",
      " [-5.10895777e-04 -1.04928059e-03 -1.95480369e-02 -3.33240489e-03\n",
      "   9.72462136e-01]]\n",
      "Updated g...\n",
      "mu_g [[1.14016556 1.32345635 1.11839398]\n",
      " [1.12499676 1.57322468 1.0603064 ]\n",
      " [1.0719514  1.85023627 0.94016721]]\n",
      "[[-0.44553558 -0.47277717 -0.49671667]\n",
      " [-1.43011587 -1.48360028 -1.45855655]\n",
      " [-1.55724491 -1.43428182 -1.58137001]]\n",
      "cov_g [[[ 0.90391078 -0.13131616 -0.12719144]\n",
      "  [-0.13131616  0.80583716 -0.18319102]\n"
     ]
    },
    {
     "name": "stdout",
     "output_type": "stream",
     "text": [
      "  [-0.12719144 -0.18319102  0.81780253]]]\n",
      "corr_G [[353.93558671 206.55391541 207.39288002]\n",
      " [206.55391541 549.83295163 353.37645031]\n",
      " [207.39288002 353.37645031 562.83982509]]\n",
      "Updated e:\n",
      "mu_b_e [0.04829726 0.3962116  0.5932508  0.57043012]\n",
      "cov_b_e [[ 0.0056297  -0.00164165  0.00059099  0.00049227]\n",
      " [-0.00164165  0.00430637 -0.00106196 -0.00099346]\n",
      " [ 0.00059099 -0.00106196  0.00330146 -0.00165049]\n",
      " [ 0.00049227 -0.00099346 -0.00165049  0.00319443]]\n",
      "corr_e [[0.16129    0.23399089 0.22501757]\n",
      " [0.23399089 0.35524798 0.33675763]\n",
      " [0.22501757 0.33675763 0.32858495]]\n",
      "E_be [0.01749428 0.02924338 0.02804249]\n",
      "Updated f\n",
      "mu_f [2.15559407 2.68673071 2.08874869] [-2.20525177 -2.18907285 -2.23566355]\n",
      "var_f [0.56472077 0.78862331 0.52965681]\n",
      "E_f2 [5.21130656 8.00714521 4.8925279 ]\n",
      "lp_lam -203.87247763116858\n",
      "lp_a_lam -193.17698799643807\n",
      "lp_g -814.9703176985373\n",
      "E_log_gamma 0.039864154033178695\n",
      "lp_gamma -1.4949472591406363\n",
      "lp_b -0.7238446948919831\n",
      "lp_omega -3.9347905112243375\n",
      "lp_e -3.2642871402977014\n",
      "lp_f\n",
      "-1123.5554888573472\n",
      "lq_lam -194.88581460393019\n",
      "lq_a -245.54988444121952\n",
      "lq_g -788.2705397149919\n",
      "lq_gamma -1.3575985953208645\n",
      "lq_omega -3.6782864009375054\n",
      "lq_be 5.763642276164843\n",
      "lq_f -202.32607223350482\n",
      "ITER 6: -914.688588\n",
      "Updated a...\n",
      "mu_a [ 0.01291099  0.07128794 -0.01376799  0.04342251 -0.01444463]\n",
      "cov_a [[ 9.35389514e-01 -7.39276958e-03  8.07075667e-04  8.02857367e-03\n",
      "  -5.15733607e-04]\n",
      " [-7.39276958e-03  9.43644535e-01  1.64134044e-04 -2.00539091e-02\n",
      "  -1.05495340e-03]\n",
      " [ 8.07075666e-04  1.64134045e-04  9.69286475e-01 -2.81534896e-03\n",
      "  -1.95553547e-02]\n",
      " [ 8.02857367e-03 -2.00539091e-02 -2.81534896e-03  9.23738129e-01\n",
      "  -3.33324800e-03]\n",
      " [-5.15733609e-04 -1.05495339e-03 -1.95553547e-02 -3.33324801e-03\n",
      "   9.72104722e-01]]\n",
      "Updated g...\n",
      "mu_g [[1.21100387 1.42488688 1.18482061]\n",
      " [1.18952158 1.68450096 1.11836376]\n",
      " [1.1300167  1.97318112 0.98894501]]\n",
      "[[-0.42348724 -0.45071276 -0.47855728]\n",
      " [-1.52622909 -1.58305736 -1.56377444]\n",
      " [-1.66248368 -1.54208333 -1.68702171]]\n",
      "cov_g [[[ 0.91031457 -0.12684972 -0.12202393]\n",
      "  [-0.12684972  0.8051461  -0.18259704]\n",
      "  [-0.12202393 -0.18259704  0.8196303 ]]]\n",
      "corr_G [[373.30456708 231.57500249 231.46127962]\n",
      " [231.57500249 606.93283819 408.03321102]\n",
      " [231.46127962 408.03321102 616.75188715]]\n",
      "Updated e:\n",
      "mu_b_e [0.06057913 0.37830565 0.58758889 0.56244983]\n",
      "cov_b_e [[ 0.00583028 -0.00188203  0.00066656  0.00053724]\n",
      " [-0.00188203  0.00431536 -0.0010771  -0.00099299]\n",
      " [ 0.00066656 -0.0010771   0.00322798 -0.0016966 ]\n",
      " [ 0.00053724 -0.00099299 -0.0016966   0.00313511]]\n",
      "corr_e [[0.14743052 0.2212111  0.21178496]\n",
      " [0.2212111  0.34848868 0.32879267]\n",
      " [0.21178496 0.32879267 0.31948492]]\n",
      "E_be [0.0210354  0.03626219 0.03460997]\n",
      "Updated f\n",
      "mu_f [2.19836494 2.79780339 2.12401258] [-2.24515233 -2.23059393 -2.28017983]\n",
      "var_f [0.58640971 0.8227868  0.54832785]\n",
      "E_f2 [5.4192181  8.65049061 5.0597573 ]\n",
      "lp_lam -204.03811444922576\n",
      "lp_a_lam -193.1688323522399\n",
      "lp_g -814.6280805818461\n",
      "E_log_gamma 0.040463231120479545\n",
      "lp_gamma -1.4940519387007198\n",
      "lp_b -0.7252894391656184\n",
      "lp_omega -3.9501472107063096\n",
      "lp_e -3.245721476724937\n",
      "lp_f\n",
      "-1180.4172646831225\n",
      "lq_lam -195.04908831099533\n",
      "lq_a -245.47097022116913\n",
      "lq_g -789.6621652189367\n",
      "lq_gamma -1.3569995182335635\n",
      "lq_omega -3.6897478152217236\n",
      "lq_be 5.821256843897295\n",
      "lq_f -209.15223842559396\n",
      "ITER 7: -963.107549\n",
      "Updated a...\n",
      "mu_a [ 0.01310455  0.07367366 -0.01304734  0.0455384  -0.01354556]\n",
      "cov_a [[ 9.35135588e-01 -7.39072828e-03  8.05252317e-04  8.02435055e-03\n",
      "  -5.17426897e-04]\n",
      " [-7.39072828e-03  9.43633295e-01  1.61573688e-04 -2.00469292e-02\n",
      "  -1.05740078e-03]\n",
      " [ 8.05252319e-04  1.61573687e-04  9.69220776e-01 -2.81689013e-03\n",
      "  -1.95571867e-02]\n",
      " [ 8.02435055e-03 -2.00469292e-02 -2.81689013e-03  9.23409990e-01\n",
      "  -3.33425586e-03]\n",
      " [-5.17426897e-04 -1.05740078e-03 -1.95571867e-02 -3.33425586e-03\n",
      "   9.71976984e-01]]\n",
      "Updated g...\n",
      "mu_g [[1.27495652 1.5160397  1.24497345]\n",
      " [1.24797667 1.7842199  1.17138383]\n",
      " [1.18316895 2.08151943 1.0345135 ]]\n",
      "[[-0.40122491 -0.42860631 -0.45954979]\n",
      " [-1.61292091 -1.67276266 -1.65930834]\n",
      " [-1.75738787 -1.63989946 -1.78216295]]\n",
      "cov_g [[[ 0.9165588  -0.12189189 -0.11673965]\n",
      "  [-0.12189189  0.80575086 -0.18121473]\n",
      "  [-0.11673965 -0.18121473  0.82176443]]]\n",
      "corr_G [[391.71365283 254.75300148 253.59732429]\n",
      " [254.75300148 662.54562825 460.66907803]\n",
      " [253.59732429 460.66907803 668.18677576]]\n",
      "Updated e:\n",
      "mu_b_e [0.07264833 0.36135435 0.5805501  0.55419367]\n",
      "cov_b_e [[ 0.00603966 -0.00210569  0.00073581  0.00057559]\n",
      " [-0.00210569  0.00432506 -0.00108742 -0.00098918]\n",
      " [ 0.00073581 -0.00108742  0.0031651  -0.00173136]\n",
      " [ 0.00057559 -0.00098918 -0.00173136  0.00308683]]\n",
      "corr_e [[0.13490203 0.20869688 0.19927111]\n",
      " [0.20869688 0.34020352 0.32000583]\n",
      " [0.19927111 0.32000583 0.31021745]]\n",
      "E_be [0.0241461  0.04291181 0.04083684]\n",
      "Updated f\n",
      "mu_f [2.23428443 2.89025204 2.15388433] [-2.27671983 -2.26399351 -2.31584115]\n",
      "var_f [0.60415597 0.8480573  0.56384142]\n",
      "E_f2 [5.59618289 9.20161414 5.20305911]\n",
      "lp_lam -204.0888406813816\n",
      "lp_a_lam -193.16633587279983\n",
      "lp_g -814.7494236329617\n",
      "E_log_gamma 0.04122878477268722\n",
      "lp_gamma -1.4929085994820568\n",
      "lp_b -0.727023333233848\n",
      "lp_omega -3.967826293402526\n",
      "lp_e -3.227130615758871\n",
      "lp_f\n",
      "-1225.8617867539074\n",
      "lq_lam -195.0990751472577\n",
      "lq_a -245.44674620599707\n",
      "lq_g -791.295670175407\n",
      "lq_gamma -1.356233964581356\n",
      "lq_omega -3.702970693980163\n",
      "lq_be 5.871300010931961\n",
      "lq_f -214.2437005718079\n",
      "ITER 8: -1002.008179\n",
      "Updated a...\n",
      "mu_a [ 0.01340923  0.0755133  -0.01231123  0.04736478 -0.01265074]\n",
      "cov_a [[ 9.35057899e-01 -7.39042526e-03  8.04604259e-04  8.02318066e-03\n",
      "  -5.18022609e-04]\n",
      " [-7.39042526e-03  9.43739506e-01  1.60470378e-04 -2.00459579e-02\n",
      "  -1.05853041e-03]\n",
      " [ 8.04604258e-04  1.60470378e-04  9.69191764e-01 -2.81796091e-03\n",
      "  -1.95574156e-02]\n",
      " [ 8.02318066e-03 -2.00459579e-02 -2.81796091e-03  9.23370028e-01\n",
      "  -3.33507286e-03]\n",
      " [-5.18022610e-04 -1.05853041e-03 -1.95574156e-02 -3.33507286e-03\n",
      "   9.71926191e-01]]\n",
      "Updated g...\n",
      "mu_g [[1.33403581 1.59909385 1.30075892]\n",
      " [1.30200495 1.87496533 1.22065732]\n",
      " [1.23272629 2.17898268 1.07752748]]\n",
      "[[-0.37946586 -0.40712989 -0.44060266]\n",
      " [-1.69256433 -1.75511084 -1.7475249 ]\n",
      " [-1.84460336 -1.7301957  -1.86948159]]\n",
      "cov_g [[[ 0.92225105 -0.11694126 -0.11170368]\n",
      "  [-0.11694126  0.80719246 -0.17936204]\n",
      "  [-0.11170368 -0.17936204  0.82402827]]]\n",
      "corr_G [[409.43012559 276.50970699 274.27181109]\n",
      " [276.50970699 716.99680362 511.74425136]\n",
      " [274.27181109 511.74425136 717.74375122]]\n",
      "Updated e:\n",
      "mu_b_e [0.08417242 0.34588673 0.57285586 0.54598267]\n",
      "cov_b_e [[ 0.00625583 -0.00231542  0.00079986  0.00060897]\n",
      " [-0.00231542  0.00433471 -0.00109468 -0.00098354]\n",
      " [ 0.00079986 -0.00109468  0.00310998 -0.0017581 ]\n",
      " [ 0.00060897 -0.00098354 -0.0017581   0.00304587]]\n",
      "corr_e [[0.12397234 0.19704855 0.18786462]\n",
      " [0.19704855 0.33127381 0.31101127]\n",
      " [0.18786462 0.31101127 0.30114295]]\n",
      "E_be [0.0267987  0.04901853 0.04656565]\n",
      "Updated f\n",
      "mu_f [2.26543618 2.96846583 2.17999424] [-2.30266813 -2.29184497 -2.3454758 ]\n",
      "var_f [0.61919214 0.86729311 0.57716731]\n",
      "E_f2 [5.75139322 9.67908248 5.32954218]\n",
      "lp_lam -204.10352682071778\n",
      "lp_a_lam -193.16561323565267\n",
      "lp_g -815.1071557123728\n",
      "E_log_gamma 0.042132741526149646\n",
      "lp_gamma -1.4915596844435364\n",
      "lp_b -0.7289766834207009\n",
      "lp_omega -3.9857355535171894\n",
      "lp_e -3.209293275296473\n",
      "lp_f\n",
      "-1263.3331488658566\n",
      "lq_lam -195.11355343210658\n",
      "lq_a -245.43970943793806\n",
      "lq_g -792.9766305124488\n",
      "lq_gamma -1.3553300078278934\n",
      "lq_omega -3.7163595574132504\n",
      "lq_be 5.915761728600531\n",
      "lq_f -218.23864363858098\n",
      "ITER 9: -1034.200545\n",
      "Updated a...\n",
      "mu_a [ 0.01381443  0.07697272 -0.01159194  0.04897458 -0.01179179]\n",
      "cov_a [[ 9.35036217e-01 -7.39071592e-03  8.04374129e-04  8.02295082e-03\n",
      "  -5.18233745e-04]\n",
      " [-7.39071592e-03  9.43859556e-01  1.59970931e-04 -2.00467258e-02\n",
      "  -1.05908718e-03]\n",
      " [ 8.04374127e-04  1.59970933e-04  9.69175918e-01 -2.81872917e-03\n",
      "  -1.95572041e-02]\n",
      " [ 8.02295083e-03 -2.00467258e-02 -2.81872917e-03  9.23412370e-01\n",
      "  -3.33569919e-03]\n",
      " [-5.18233748e-04 -1.05908718e-03 -1.95572041e-02 -3.33569919e-03\n",
      "   9.71901808e-01]]\n",
      "Updated g...\n",
      "mu_g [[1.38938461 1.67559323 1.35322306]\n",
      " [1.35259081 1.95850177 1.2669639 ]\n",
      " [1.27943053 2.26798419 1.11837384]]\n",
      "[[-0.35849509 -0.38652532 -0.42211702]\n",
      " [-1.7666898  -1.83168066 -1.82995298]\n",
      " [-1.92580524 -1.81453854 -1.95068788]]\n",
      "cov_g [[[ 0.92727246 -0.11224018 -0.1070549 ]\n",
      "  [-0.11224018  0.80917328 -0.17721039]\n",
      "  [-0.1070549  -0.17721039  0.82637058]]]\n",
      "corr_G [[426.61350896 297.12165382 293.7903386 ]\n",
      " [297.12165382 770.4973657  561.56238398]\n",
      " [293.7903386  561.56238398 765.81580137]]\n",
      "Updated e:\n",
      "mu_b_e [0.09498446 0.33200488 0.56492758 0.53795697]\n",
      "cov_b_e [[ 0.00647736 -0.00251331  0.00085953  0.00063851]\n",
      " [-0.00251331  0.00434398 -0.00109988 -0.00097691]\n",
      " [ 0.00085953 -0.00109988  0.0030608  -0.00177891]\n",
      " [ 0.00063851 -0.00097691 -0.00177891  0.00301003]]\n",
      "corr_e [[0.11457122 0.18645884 0.17762743]\n",
      " [0.18645884 0.32220397 0.30212782]\n",
      " [0.17762743 0.30212782 0.29240773]]\n",
      "E_be [0.02902199 0.05451887 0.05173606]\n",
      "Updated f\n",
      "mu_f [2.29306499 3.03559601 2.20330399] [-2.32467717 -2.31575591 -2.37084519]\n",
      "var_f [0.6322476  0.88230822 0.58887552]\n",
      "E_f2 [ 5.89039467 10.09715137  5.44342399]\n",
      "lp_lam -204.10710723325616\n",
      "lp_a_lam -193.16543748117948\n"
     ]
    },
    {
     "name": "stdout",
     "output_type": "stream",
     "text": [
      "lp_g -815.5880321193049\n",
      "E_log_gamma 0.04313823913719355\n",
      "lp_gamma -1.4900606784938442\n",
      "lp_b -0.7310776424376525\n",
      "lp_omega -4.002997873379664\n",
      "lp_e -3.1925122112855457\n",
      "lp_f\n",
      "-1295.0694947315803\n",
      "lq_lam -195.11708267451093\n",
      "lq_a -245.4379883853446\n",
      "lq_g -794.6205653836246\n",
      "lq_gamma -1.3543245102168495\n",
      "lq_omega -3.7292510359071143\n",
      "lq_be 5.955911480751988\n",
      "lq_f -221.49302738837417\n",
      "ITER 10: -1061.550392\n",
      "Updated a...\n",
      "mu_a [ 0.01429447  0.07816077 -0.01090006  0.05041936 -0.01097371]\n",
      "cov_a [[ 9.35032861e-01 -7.39119880e-03  8.04296929e-04  8.02300856e-03\n",
      "  -5.18307638e-04]\n",
      " [-7.39119880e-03  9.43967173e-01  1.59744388e-04 -2.00479288e-02\n",
      "  -1.05937028e-03]\n",
      " [ 8.04296927e-04  1.59744390e-04  9.69165144e-01 -2.81930629e-03\n",
      "  -1.95568954e-02]\n",
      " [ 8.02300856e-03 -2.00479288e-02 -2.81930629e-03  9.23475103e-01\n",
      "  -3.33618582e-03]\n",
      " [-5.18307640e-04 -1.05937028e-03 -1.95568954e-02 -3.33618582e-03\n",
      "   9.71887056e-01]]\n",
      "Updated g...\n",
      "mu_g [[1.44170017 1.7466764  1.40298481]\n",
      " [1.40037034 2.03609562 1.31081976]\n",
      " [1.32375224 2.35017889 1.15732623]]\n",
      "[[-0.33840014 -0.36684951 -0.40425667]\n",
      " [-1.83634007 -1.90356493 -1.9076377 ]\n",
      " [-2.00211992 -1.89398615 -2.02693503]]\n",
      "cov_g [[[ 0.93164123 -0.10788572 -0.1028234 ]\n",
      "  [-0.10788572  0.81148653 -0.17487453]\n",
      "  [-0.1028234  -0.17487453  0.82876224]]]\n",
      "corr_G [[443.36826626 316.78331473 312.36398804]\n",
      " [316.78331473 823.18899626 610.3296291 ]\n",
      " [312.36398804 610.3296291  812.66740224]]\n",
      "Updated e:\n",
      "mu_b_e [0.10503273 0.31961477 0.55701672 0.53018845]\n",
      "cov_b_e [[ 0.00670312 -0.00270094  0.00091545  0.00066496]\n",
      " [-0.00270094  0.00435273 -0.00110361 -0.00096974]\n",
      " [ 0.00091545 -0.00110361  0.00301632 -0.00179516]\n",
      " [ 0.00066496 -0.00096974 -0.00179516  0.00297795]]\n",
      "corr_e [[0.10650633 0.17692715 0.16848632]\n",
      " [0.17692715 0.31328395 0.29352867]\n",
      " [0.16848632 0.29352867 0.28407775]]\n",
      "E_be [0.03086907 0.05942044 0.0563521 ]\n",
      "Updated f\n",
